
[control]
euler_angle_max                = 2.0943952e-01
control_iphone_tilt            = 3.4906584e-01
control_vz_max                 = 7.0000000e+02
control_yaw                    = 1.7453293e+00
manual_trim                    = FALSE
indoor_euler_angle_max         = 2.0943952e-01
indoor_control_vz_max          = 7.0000000e+02
indoor_control_yaw             = 1.7453293e+00
outdoor_euler_angle_max        = 3.4906584e-01
outdoor_control_vz_max         = 1.0000000e+03
outdoor_control_yaw            = 3.4906585e+00
travelling_mode                = 0,10,1500,0,1000

[custom]
profile_desc                   = .iPod touch:31e45494136839e3f0ac7f7f311f5819

